0.00,0.00,0.00,0.00,0.00,0.00,0.00,0.00,0.00,0.00,0.00,0.00,0.00,0.00,0.00,0.00,0.00,0.00,0.00,0.00,0.00,0.00,0.00
0.00,0.00,0.00,0.00,0.00,0.00,0.00,0.00,0.00,0.00,0.00,0.00,0.00,0.00,0.00,0.00,0.00,0.00,0.00,0.00,0.00,0.00,0.00
0.00,0.00,0.00,0.00,0.00,0.00,0.00,0.00,0.00,0.00,0.00,0.00,0.00,0.00,0.00,0.00,0.00,0.00,0.00,0.00,0.00,0.00,0.00
0.00,0.00,0.00,0.00,0.00,0.00,0.00,0.00,0.00,0.00,0.00,0.00,0.00,0.00,0.00,0.00,0.00,0.00,0.00,0.00,0.00,0.00,0.00
0.00,0.00,0.00,0.00,0.00,0.00,0.00,0.00,0.00,0.00,0.00,0.00,0.00,0.00,0.00,0.00,0.00,0.00,0.00,0.00,0.00,0.00,0.00
0.00,0.00,0.00,0.00,0.00,0.00,0.00,0.00,0.00,0.00,0.00,0.00,0.00,0.00,0.00,0.00,0.00,0.00,0.00,0.00,0.00,0.00,0.00
0.00,0.00,0.00,0.00,0.00,0.00,0.00,0.00,0.00,0.00,0.00,0.00,0.00,0.00,0.00,0.00,0.00,0.00,0.00,0.00,0.00,0.00,0.00
0.01,0.01,0.01,0.00,0.00,0.00,0.00,0.00,0.00,0.00,0.00,0.00,0.00,0.00,0.00,0.00,0.00,0.00,0.00,0.00,0.00,0.00,0.00
0.08,0.05,0.05,0.01,0.00,0.00,0.00,0.00,0.00,0.00,0.00,0.00,0.00,0.00,0.00,0.00,0.00,0.00,0.00,0.00,0.00,0.00,0.00
0.14,0.09,0.07,0.02,0.01,0.00,0.00,0.00,0.00,0.00,0.00,0.00,0.00,0.00,0.00,0.00,0.00,0.00,0.00,0.00,0.00,0.00,0.00
0.07,0.11,0.10,0.03,0.01,0.00,0.00,0.01,0.01,0.01,0.01,0.01,0.01,0.01,0.01,0.01,0.00,0.00,0.00,0.00,0.00,0.00,0.00
0.20,0.16,0.05,0.03,0.05,0.04,0.01,0.00,0.01,0.01,0.01,0.01,0.01,0.01,0.01,0.02,0.00,0.00,0.00,0.00,0.00,0.00,0.01
0.15,0.16,0.15,0.09,0.16,0.13,0.02,0.01,0.02,0.04,0.05,0.03,0.02,0.03,0.02,0.03,0.00,0.00,0.00,0.00,0.00,0.00,0.00
0.12,0.12,0.12,0.08,0.14,0.16,0.03,0.02,0.03,0.05,0.06,0.04,0.02,0.03,0.04,0.09,0.01,0.00,0.00,0.00,0.00,0.00,0.00
0.13,0.14,0.13,0.08,0.15,0.22,0.05,0.03,0.04,0.05,0.08,0.07,0.04,0.06,0.06,0.14,0.01,0.00,0.00,0.00,0.00,0.00,0.00
0.17,0.17,0.17,0.10,0.21,0.37,0.09,0.05,0.06,0.07,0.11,0.12,0.08,0.11,0.11,0.11,0.01,0.00,0.00,0.00,0.00,0.00,0.00
0.28,0.26,0.21,0.11,0.25,0.61,0.21,0.12,0.14,0.14,0.26,0.31,0.18,0.20,0.22,0.39,0.04,0.01,0.00,0.00,0.00,0.00,0.00
0.38,0.40,0.31,0.15,0.31,0.81,0.39,0.30,0.35,0.37,0.60,0.65,0.43,0.62,0.73,0.62,0.06,0.01,0.00,0.00,0.00,0.02,0.08
0.49,0.41,0.30,0.13,0.23,0.78,0.51,0.47,0.55,0.59,0.61,0.60,0.53,0.96,1.00,0.99,0.11,0.02,0.00,0.00,0.00,0.00,0.01
0.37,0.32,0.22,0.09,0.17,0.64,0.54,0.45,0.50,0.55,0.61,0.71,0.50,0.64,0.64,0.81,0.09,0.01,0.00,0.00,0.00,0.00,0.00
0.29,0.27,0.19,0.08,0.14,0.76,0.71,0.53,0.50,0.47,0.85,0.92,0.53,0.55,0.55,0.59,0.05,0.01,0.00,0.00,0.00,0.00,0.00
0.36,0.34,0.26,0.13,0.20,0.98,1.00,0.87,0.83,0.79,0.97,0.96,0.62,0.85,0.88,0.55,0.05,0.01,0.00,0.00,0.00,0.02,0.10
0.47,0.44,0.34,0.17,0.25,0.87,0.98,1.00,1.00,1.00,1.00,1.00,0.76,1.00,1.00,0.59,0.05,0.01,0.00,0.01,0.02,0.09,0.44
0.25,0.25,0.18,0.09,0.12,0.48,0.64,0.57,0.52,0.51,0.40,0.39,0.30,0.40,0.48,0.26,0.03,0.01,0.00,0.00,0.00,0.00,0.00
0.19,0.18,0.13,0.07,0.09,0.55,0.78,0.59,0.43,0.33,0.32,0.37,0.24,0.31,0.37,0.20,0.02,0.01,0.00,0.00,0.00,0.00,0.01
0.27,0.26,0.22,0.11,0.15,0.73,0.89,0.67,0.54,0.46,0.38,0.38,0.24,0.25,0.33,0.12,0.02,0.02,0.00,0.00,0.01,0.02,0.10
0.25,0.23,0.19,0.09,0.12,0.52,0.48,0.35,0.32,0.31,0.23,0.21,0.14,0.17,0.25,0.09,0.01,0.01,0.00,0.00,0.00,0.00,0.00
0.09,0.10,0.08,0.04,0.05,0.33,0.35,0.21,0.15,0.12,0.14,0.12,0.06,0.08,0.12,0.05,0.01,0.00,0.00,0.00,0.00,0.00,0.00
0.17,0.19,0.16,0.07,0.09,0.54,0.44,0.26,0.20,0.19,0.32,0.21,0.09,0.12,0.16,0.04,0.00,0.00,0.00,0.00,0.00,0.00,0.01
0.08,0.07,0.05,0.02,0.03,0.16,0.13,0.07,0.07,0.07,0.09,0.06,0.03,0.04,0.04,0.01,0.00,0.00,0.00,0.00,0.00,0.01,0.03
0.02,0.02,0.01,0.01,0.01,0.06,0.04,0.02,0.01,0.01,0.03,0.02,0.01,0.01,0.01,0.00,0.00,0.00,0.00,0.00,0.00,0.00,0.00
0.02,0.02,0.01,0.01,0.01,0.04,0.02,0.01,0.01,0.01,0.02,0.01,0.00,0.01,0.01,0.00,0.00,0.00,0.00,0.00,0.00,0.00,0.00
0.01,0.01,0.01,0.00,0.00,0.00,0.00,0.00,0.00,0.00,0.00,0.00,0.00,0.00,0.00,0.00,0.00,0.00,0.00,0.00,0.00,0.00,0.00
0.00,0.01,0.00,0.00,0.00,0.00,0.00,0.00,0.00,0.00,0.00,0.00,0.00,0.00,0.00,0.00,0.00,0.00,0.00,0.00,0.00,0.00,0.00
0.01,0.00,0.00,0.00,0.00,0.00,0.00,0.00,0.00,0.00,0.00,0.00,0.00,0.00,0.00,0.00,0.00,0.00,0.00,0.00,0.00,0.00,0.00
0.00,0.00,0.00,0.00,0.00,0.00,0.00,0.00,0.00,0.00,0.00,0.00,0.00,0.00,0.00,0.00,0.00,0.00,0.00,0.00,0.00,0.00,0.00
0.00,0.00,0.00,0.00,0.00,0.00,0.00,0.00,0.00,0.00,0.00,0.00,0.00,0.00,0.01,0.01,0.00,0.00,0.00,0.00,0.00,0.00,0.00
0.00,0.00,0.00,0.00,0.00,0.00,0.00,0.00,0.00,0.00,0.00,0.00,0.00,0.00,0.00,0.02,0.00,0.00,0.00,0.00,0.00,0.00,0.00
0.00,0.00,0.00,0.00,0.00,0.00,0.00,0.00,0.00,0.00,0.00,0.00,0.00,0.00,0.00,0.00,0.00,0.00,0.00,0.00,0.00,0.00,0.00
0.00,0.00,0.00,0.00,0.00,0.00,0.00,0.00,0.00,0.00,0.00,0.00,0.00,0.00,0.00,0.00,0.00,0.00,0.00,0.00,0.00,0.00,0.00
0.00,0.00,0.00,0.00,0.00,0.00,0.00,0.00,0.00,0.00,0.00,0.00,0.00,0.00,0.00,0.00,0.00,0.00,0.00,0.00,0.00,0.00,0.00
0.00,0.00,0.00,0.00,0.00,0.00,0.00,0.00,0.00,0.00,0.00,0.00,0.00,0.00,0.00,0.00,0.00,0.00,0.00,0.00,0.00,0.00,0.00
0.00,0.00,0.00,0.00,0.00,0.00,0.00,0.00,0.00,0.00,0.00,0.00,0.00,0.00,0.00,0.00,0.00,0.00,0.00,0.00,0.00,0.00,0.00
0.00,0.00,0.00,0.00,0.00,0.00,0.00,0.00,0.00,0.00,0.00,0.00,0.00,0.00,0.00,0.00,0.00,0.00,0.00,0.00,0.00,0.00,0.00
0.00,0.00,0.00,0.00,0.00,0.00,0.00,0.00,0.00,0.00,0.00,0.00,0.00,0.00,0.00,0.00,0.00,0.00,0.00,0.00,0.00,0.00,0.00
0.00,0.00,0.00,0.00,0.00,0.00,0.00,0.00,0.00,0.00,0.00,0.00,0.00,0.00,0.00,0.00,0.00,0.00,0.00,0.00,0.00,0.00,0.00
0.00,0.00,0.00,0.00,0.00,0.00,0.00,0.00,0.00,0.00,0.00,0.00,0.00,0.00,0.00,0.00,0.00,0.00,0.00,0.00,0.00,0.00,0.00
0.00,0.00,0.00,0.00,0.00,0.00,0.00,0.00,0.00,0.00,0.00,0.00,0.00,0.00,0.00,0.00,0.00,0.00,0.00,0.00,0.00,0.00,0.00
00f0,00e6,t
0.00,0.00,0.00,0.00,0.00,0.00,0.00,0.00,0.00,0.00,0.00,0.00,0.00,0.00,0.00,0.00,0.00,0.00,0.00,0.00,0.00,0.00,0.00
0.00,0.00,0.00,0.00,0.00,0.00,0.00,0.00,0.00,0.00,0.00,0.00,0.00,0.00,0.00,0.00,0.00,0.00,0.00,0.00,0.00,0.00,0.00
0.00,0.00,0.00,0.00,0.00,0.00,0.00,0.00,0.00,0.00,0.00,0.00,0.00,0.00,0.00,0.00,0.00,0.00,0.00,0.00,0.00,0.00,0.00
0.00,0.00,0.00,0.00,0.00,0.00,0.00,0.00,0.00,0.00,0.00,0.00,0.00,0.00,0.00,0.00,0.00,0.00,0.00,0.00,0.00,0.00,0.00
0.00,0.00,0.00,0.00,0.00,0.00,0.00,0.00,0.00,0.00,0.00,0.00,0.00,0.00,0.00,0.00,0.00,0.00,0.00,0.00,0.00,0.00,0.00
0.00,0.00,0.00,0.00,0.00,0.00,0.00,0.00,0.00,0.00,0.00,0.00,0.00,0.00,0.00,0.00,0.00,0.00,0.00,0.00,0.00,0.00,0.00
0.01,0.01,0.01,0.00,0.00,0.00,0.00,0.00,0.00,0.00,0.00,0.00,0.00,0.00,0.00,0.00,0.00,0.00,0.00,0.00,0.00,0.00,0.00
0.02,0.04,0.03,0.00,0.00,0.00,0.00,0.00,0.00,0.00,0.00,0.00,0.00,0.00,0.00,0.00,0.00,0.00,0.00,0.00,0.00,0.00,0.00
0.17,0.15,0.07,0.04,0.03,0.02,0.01,0.01,0.01,0.03,0.01,0.00,0.00,0.01,0.01,0.01,0.00,0.00,0.00,0.00,0.00,0.00,0.00
0.23,0.12,0.12,0.09,0.20,0.10,0.01,0.01,0.02,0.07,0.05,0.01,0.01,0.01,0.01,0.02,0.00,0.00,0.00,0.00,0.00,0.00,0.01
0.16,0.20,0.19,0.12,0.22,0.17,0.03,0.02,0.03,0.11,0.05,0.01,0.02,0.02,0.01,0.01,0.00,0.00,0.00,0.00,0.00,0.00,0.00
0.15,0.16,0.15,0.08,0.18,0.20,0.04,0.03,0.04,0.13,0.05,0.01,0.01,0.02,0.02,0.03,0.00,0.00,0.00,0.00,0.00,0.00,0.00
0.14,0.14,0.12,0.07,0.18,0.25,0.05,0.03,0.04,0.14,0.07,0.01,0.01,0.02,0.02,0.03,0.00,0.00,0.00,0.00,0.00,0.00,0.00
0.21,0.21,0.17,0.09,0.19,0.32,0.08,0.04,0.07,0.30,0.13,0.02,0.02,0.04,0.03,0.02,0.00,0.00,0.00,0.00,0.00,0.00,0.01
0.16,0.19,0.18,0.09,0.16,0.35,0.11,0.07,0.10,0.44,0.12,0.02,0.02,0.03,0.03,0.02,0.00,0.00,0.00,0.00,0.00,0.01,0.03
0.11,0.11,0.09,0.05,0.09,0.18,0.05,0.04,0.08,0.32,0.05,0.01,0.01,0.01,0.01,0.01,0.00,0.00,0.00,0.00,0.00,0.00,0.00
0.07,0.06,0.05,0.03,0.06,0.13,0.03,0.02,0.05,0.24,0.03,0.00,0.01,0.01,0.01,0.01,0.00,0.00,0.00,0.00,0.00,0.00,0.00
0.10,0.10,0.08,0.05,0.09,0.08,0.02,0.02,0.10,0.31,0.02,0.00,0.01,0.01,0.01,0.00,0.00,0.00,0.00,0.00,0.00,0.00,0.00
0.11,0.09,0.09,0.05,0.04,0.02,0.00,0.01,0.07,0.11,0.00,0.00,0.00,0.00,0.00,0.00,0.00,0.00,0.00,0.00,0.00,0.00,0.02
0.05,0.05,0.04,0.02,0.01,0.00,0.00,0.00,0.03,0.03,0.00,0.00,0.00,0.00,0.00,0.00,0.00,0.00,0.00,0.00,0.00,0.00,0.00
0.04,0.04,0.06,0.02,0.01,0.00,0.00,0.00,0.04,0.03,0.00,0.00,0.00,0.00,0.00,0.00,0.00,0.00,0.00,0.00,0.00,0.00,0.00
0.08,0.08,0.09,0.03,0.01,0.00,0.00,0.00,0.03,0.03,0.00,0.00,0.00,0.00,0.00,0.00,0.00,0.00,0.00,0.00,0.00,0.00,0.00
0.08,0.07,0.06,0.02,0.01,0.00,0.00,0.00,0.02,0.02,0.00,0.00,0.00,0.00,0.00,0.00,0.00,0.00,0.00,0.00,0.00,0.00,0.00
0.04,0.04,0.04,0.02,0.00,0.00,0.00,0.00,0.01,0.01,0.00,0.00,0.00,0.00,0.00,0.00,0.00,0.00,0.00,0.00,0.00,0.00,0.00
0.10,0.07,0.07,0.02,0.01,0.00,0.00,0.00,0.02,0.01,0.00,0.00,0.00,0.00,0.00,0.00,0.00,0.00,0.00,0.00,0.00,0.00,0.00
0.07,0.06,0.04,0.01,0.00,0.00,0.00,0.00,0.01,0.01,0.00,0.00,0.00,0.00,0.00,0.00,0.00,0.00,0.00,0.00,0.00,0.00,0.00
0.03,0.02,0.02,0.00,0.00,0.00,0.00,0.00,0.00,0.01,0.00,0.00,0.00,0.00,0.00,0.00,0.00,0.00,0.00,0.00,0.00,0.00,0.00
0.03,0.03,0.02,0.01,0.00,0.00,0.00,0.00,0.01,0.01,0.00,0.00,0.00,0.00,0.00,0.00,0.00,0.00,0.00,0.00,0.00,0.00,0.00
0.03,0.03,0.02,0.00,0.00,0.00,0.00,0.00,0.01,0.01,0.00,0.00,0.00,0.00,0.00,0.00,0.00,0.00,0.00,0.00,0.00,0.00,0.00
0.01,0.01,0.01,0.00,0.00,0.00,0.00,0.00,0.00,0.00,0.00,0.00,0.00,0.00,0.00,0.00,0.00,0.00,0.00,0.00,0.00,0.00,0.00
0.00,0.01,0.01,0.00,0.00,0.00,0.00,0.00,0.00,0.00,0.00,0.00,0.00,0.00,0.00,0.00,0.00,0.00,0.00,0.00,0.00,0.00,0.00
0.00,0.00,0.00,0.00,0.00,0.00,0.00,0.00,0.00,0.00,0.00,0.00,0.00,0.00,0.00,0.00,0.00,0.00,0.00,0.00,0.00,0.00,0.00
0.00,0.00,0.00,0.00,0.00,0.00,0.00,0.00,0.00,0.00,0.00,0.00,0.00,0.00,0.00,0.00,0.00,0.00,0.00,0.00,0.00,0.00,0.00
0.00,0.00,0.00,0.00,0.00,0.00,0.00,0.00,0.00,0.00,0.00,0.00,0.00,0.00,0.00,0.00,0.00,0.00,0.00,0.00,0.00,0.00,0.00
0.00,0.00,0.00,0.00,0.00,0.00,0.00,0.00,0.00,0.00,0.00,0.00,0.00,0.00,0.00,0.00,0.00,0.00,0.00,0.00,0.00,0.00,0.00
0.00,0.00,0.00,0.00,0.00,0.00,0.00,0.00,0.00,0.00,0.00,0.00,0.00,0.00,0.00,0.00,0.00,0.00,0.00,0.00,0.00,0.00,0.00
0.00,0.00,0.00,0.00,0.00,0.00,0.00,0.00,0.00,0.00,0.00,0.00,0.00,0.00,0.00,0.00,0.00,0.00,0.00,0.00,0.00,0.00,0.00
0.00,0.00,0.00,0.00,0.00,0.00,0.00,0.00,0.00,0.00,0.00,0.00,0.00,0.00,0.00,0.00,0.00,0.00,0.00,0.00,0.00,0.00,0.00
0.00,0.00,0.00,0.00,0.00,0.00,0.00,0.00,0.00,0.00,0.00,0.00,0.00,0.00,0.00,0.00,0.00,0.00,0.00,0.00,0.00,0.00,0.00
0.00,0.00,0.00,0.00,0.00,0.00,0.00,0.00,0.00,0.00,0.00,0.00,0.00,0.00,0.00,0.00,0.00,0.00,0.00,0.00,0.00,0.00,0.00
0.00,0.00,0.00,0.00,0.00,0.00,0.00,0.00,0.00,0.00,0.00,0.00,0.00,0.00,0.00,0.00,0.00,0.00,0.00,0.00,0.00,0.00,0.00
0.00,0.00,0.00,0.00,0.00,0.00,0.00,0.00,0.00,0.00,0.00,0.00,0.00,0.00,0.00,0.00,0.00,0.00,0.00,0.00,0.00,0.00,0.00
00f0,e,m
0.00,0.00,0.00,0.00,0.00,0.00,0.00,0.00,0.00,0.00,0.00,0.00,0.00,0.00,0.00,0.00,0.00,0.00,0.00,0.00,0.00,0.00,0.00
0.00,0.00,0.00,0.00,0.00,0.00,0.00,0.00,0.00,0.00,0.00,0.00,0.00,0.00,0.00,0.00,0.00,0.00,0.00,0.00,0.00,0.00,0.00
0.00,0.00,0.00,0.00,0.00,0.00,0.00,0.00,0.00,0.00,0.00,0.00,0.00,0.00,0.00,0.00,0.00,0.00,0.00,0.00,0.00,0.00,0.00
0.00,0.00,0.00,0.00,0.00,0.00,0.00,0.00,0.00,0.00,0.00,0.00,0.00,0.00,0.00,0.00,0.00,0.00,0.00,0.00,0.00,0.00,0.00
0.00,0.00,0.00,0.00,0.00,0.00,0.00,0.00,0.00,0.00,0.00,0.00,0.00,0.00,0.00,0.00,0.00,0.00,0.00,0.00,0.00,0.00,0.00
0.00,0.00,0.00,0.00,0.00,0.00,0.00,0.00,0.00,0.00,0.00,0.00,0.00,0.00,0.00,0.00,0.00,0.00,0.00,0.00,0.00,0.00,0.00
0.00,0.00,0.00,0.00,0.00,0.00,0.00,0.00,0.00,0.00,0.00,0.00,0.00,0.00,0.00,0.00,0.00,0.00,0.00,0.00,0.00,0.00,0.00
0.01,0.01,0.01,0.00,0.00,0.00,0.00,0.00,0.00,0.00,0.00,0.00,0.00,0.00,0.00,0.00,0.00,0.00,0.00,0.00,0.00,0.00,0.00
0.08,0.06,0.06,0.01,0.00,0.00,0.00,0.00,0.00,0.00,0.00,0.00,0.00,0.00,0.00,0.00,0.00,0.00,0.00,0.00,0.00,0.00,0.00
0.17,0.11,0.08,0.02,0.01,0.00,0.00,0.00,0.00,0.00,0.00,0.00,0.00,0.00,0.00,0.00,0.00,0.00,0.00,0.00,0.00,0.00,0.00
0.09,0.16,0.15,0.04,0.01,0.00,0.00,0.01,0.02,0.01,0.01,0.01,0.01,0.01,0.01,0.02,0.00,0.00,0.00,0.01,0.00,0.00,0.00
0.38,0.28,0.09,0.05,0.05,0.03,0.01,0.00,0.01,0.01,0.01,0.02,0.02,0.02,0.02,0.03,0.00,0.00,0.00,0.00,0.00,0.00,0.00
0.28,0.24,0.24,0.17,0.23,0.12,0.02,0.01,0.01,0.02,0.03,0.05,0.06,0.06,0.05,0.05,0.00,0.00,0.00,0.00,0.00,0.00,0.01
0.41,0.42,0.39,0.23,0.35,0.23,0.04,0.02,0.03,0.04,0.06,0.16,0.14,0.17,0.14,0.16,0.01,0.00,0.00,0.00,0.00,0.00,0.01
0.43,0.47,0.50,0.34,0.58,0.49,0.08,0.04,0.05,0.06,0.08,0.24,0.22,0.24,0.22,0.24,0.02,0.00,0.00,0.00,0.01,0.00,0.01
0.46,0.47,0.49,0.31,0.53,0.68,0.14,0.07,0.07,0.08,0.08,0.31,0.31,0.25,0.25,0.18,0.01,0.00,0.00,0.01,0.01,0.01,0.01
0.40,0.39,0.40,0.25,0.50,0.92,0.22,0.11,0.11,0.10,0.08,0.31,0.34,0.31,0.35,0.23,0.03,0.01,0.00,0.00,0.01,0.01,0.01
0.31,0.32,0.28,0.19,0.40,1.00,0.29,0.16,0.16,0.13,0.08,0.26,0.31,0.28,0.33,0.14,0.02,0.00,0.00,0.00,0.01,0.01,0.01
0.35,0.32,0.27,0.16,0.38,0.88,0.30,0.17,0.17,0.12,0.07,0.21,0.25,0.24,0.31,0.20,0.02,0.01,0.00,0.00,0.01,0.01,0.01
0.33,0.27,0.23,0.13,0.31,0.73,0.28,0.16,0.15,0.11,0.06,0.16,0.20,0.27,0.36,0.17,0.01,0.01,0.00,0.00,0.01,0.01,0.01
0.29,0.26,0.21,0.12,0.26,0.71,0.27,0.15,0.15,0.11,0.06,0.18,0.21,0.30,0.40,0.14,0.01,0.00,0.00,0.00,0.00,0.00,0.01
0.26,0.23,0.19,0.11,0.25,0.74,0.27,0.15,0.14,0.11,0.06,0.14,0.17,0.26,0.34,0.20,0.02,0.01,0.00,0.00,0.01,0.01,0.02
0.29,0.25,0.19,0.10,0.21,0.55,0.21,0.13,0.14,0.11,0.06,0.14,0.16,0.21,0.31,0.25,0.01,0.00,0.00,0.00,0.01,0.02,0.07
0.22,0.24,0.17,0.09,0.16,0.42,0.19,0.11,0.13,0.11,0.06,0.10,0.11,0.16,0.24,0.18,0.01,0.00,0.00,0.00,0.00,0.00,0.00
0.13,0.13,0.12,0.06,0.11,0.26,0.10,0.07,0.08,0.08,0.05,0.07,0.06,0.10,0.14,0.12,0.01,0.00,0.00,0.00,0.00,0.00,0.00
0.10,0.11,0.09,0.04,0.09,0.27,0.10,0.06,0.06,0.06,0.05,0.07,0.05,0.11,0.14,0.08,0.01,0.00,0.00,0.00,0.00,0.00,0.00
0.18,0.15,0.12,0.06,0.13,0.35,0.14,0.08,0.09,0.09,0.08,0.08,0.06,0.11,0.15,0.12,0.01,0.00,0.00,0.00,0.00,0.00,0.01
0.12,0.11,0.08,0.05,0.09,0.16,0.06,0.05,0.07,0.06,0.04,0.04,0.03,0.05,0.06,0.04,0.00,0.00,0.00,0.00,0.00,0.00,0.00
0.04,0.04,0.03,0.02,0.03,0.04,0.01,0.01,0.01,0.01,0.01,0.01,0.01,0.01,0.01,0.02,0.00,0.00,0.00,0.00,0.00,0.00,0.00
0.06,0.05,0.04,0.02,0.02,0.03,0.01,0.01,0.01,0.01,0.01,0.01,0.00,0.01,0.01,0.00,0.00,0.00,0.00,0.00,0.00,0.00,0.00
0.08,0.08,0.09,0.04,0.01,0.00,0.00,0.00,0.01,0.00,0.00,0.00,0.00,0.00,0.00,0.00,0.00,0.00,0.00,0.00,0.00,0.00,0.00
0.07,0.05,0.04,0.02,0.00,0.00,0.00,0.00,0.00,0.00,0.00,0.00,0.00,0.00,0.00,0.00,0.00,0.00,0.00,0.00,0.00,0.00,0.00
0.09,0.04,0.05,0.03,0.01,0.00,0.00,0.00,0.00,0.00,0.00,0.00,0.00,0.00,0.00,0.00,0.00,0.00,0.00,0.00,0.00,0.00,0.00
0.12,0.07,0.05,0.02,0.01,0.00,0.00,0.00,0.01,0.00,0.00,0.00,0.00,0.00,0.00,0.00,0.00,0.00,0.00,0.00,0.00,0.00,0.00
0.10,0.05,0.03,0.01,0.00,0.00,0.00,0.00,0.00,0.00,0.00,0.00,0.00,0.00,0.00,0.00,0.00,0.00,0.00,0.00,0.00,0.00,0.00
0.08,0.03,0.02,0.01,0.00,0.00,0.00,0.00,0.00,0.00,0.00,0.00,0.00,0.00,0.00,0.00,0.00,0.00,0.00,0.00,0.00,0.00,0.00
0.10,0.06,0.03,0.01,0.00,0.00,0.00,0.00,0.00,0.00,0.00,0.00,0.00,0.00,0.00,0.00,0.00,0.00,0.00,0.00,0.00,0.00,0.00
0.03,0.02,0.02,0.00,0.00,0.00,0.00,0.00,0.00,0.00,0.00,0.00,0.00,0.00,0.00,0.00,0.00,0.00,0.00,0.00,0.00,0.00,0.00
0.01,0.01,0.01,0.00,0.00,0.00,0.00,0.00,0.00,0.00,0.00,0.00,0.00,0.00,0.00,0.00,0.00,0.00,0.00,0.00,0.00,0.00,0.00
0.01,0.01,0.01,0.00,0.00,0.00,0.00,0.00,0.00,0.00,0.00,0.00,0.00,0.00,0.00,0.00,0.00,0.00,0.00,0.00,0.00,0.00,0.00
0.01,0.01,0.00,0.00,0.00,0.00,0.00,0.00,0.00,0.00,0.00,0.00,0.00,0.00,0.00,0.00,0.00,0.00,0.00,0.00,0.00,0.00,0.00
0.00,0.00,0.00,0.00,0.00,0.00,0.00,0.00,0.00,0.00,0.00,0.00,0.00,0.00,0.00,0.00,0.00,0.00,0.00,0.00,0.00,0.00,0.00
0.00,0.00,0.00,0.00,0.00,0.00,0.00,0.00,0.00,0.00,0.00,0.00,0.00,0.00,0.00,0.00,0.00,0.00,0.00,0.00,0.00,0.00,0.00
0.00,0.00,0.00,0.00,0.00,0.00,0.00,0.00,0.00,0.00,0.00,0.00,0.00,0.00,0.00,0.00,0.00,0.00,0.00,0.00,0.00,0.00,0.00
0.00,0.00,0.00,0.00,0.00,0.00,0.00,0.00,0.00,0.00,0.00,0.00,0.00,0.00,0.00,0.00,0.00,0.00,0.00,0.00,0.00,0.00,0.00
0.00,0.00,0.00,0.00,0.00,0.00,0.00,0.00,0.00,0.00,0.00,0.00,0.00,0.00,0.00,0.00,0.00,0.00,0.00,0.00,0.00,0.00,0.00
0.00,0.00,0.00,0.00,0.00,0.00,0.00,0.00,0.00,0.00,0.00,0.00,0.00,0.00,0.00,0.00,0.00,0.00,0.00,0.00,0.00,0.00,0.00
0.00,0.00,0.00,0.00,0.00,0.00,0.00,0.00,0.00,0.00,0.00,0.00,0.00,0.00,0.00,0.00,0.00,0.00,0.00,0.00,0.00,0.00,0.00
0.00,0.00,0.00,0.00,0.00,0.00,0.00,0.00,0.00,0.00,0.00,0.00,0.00,0.00,0.00,0.00,0.00,0.00,0.00,0.00,0.00,0.00,0.00
0.00,0.00,0.00,0.00,0.00,0.00,0.00,0.00,0.00,0.00,0.00,0.00,0.00,0.00,0.00,0.00,0.00,0.00,0.00,0.00,0.00,0.00,0.00
0.00,0.00,0.00,0.00,0.00,0.00,0.00,0.00,0.00,0.00,0.00,0.00,0.00,0.00,0.00,0.00,0.00,0.00,0.00,0.00,0.00,0.00,0.00
0.00,0.00,0.00,0.00,0.00,0.00,0.00,0.00,0.00,0.00,0.00,0.00,0.00,0.00,0.00,0.00,0.00,0.00,0.00,0.00,0.00,0.00,0.00
00f0,e,n
0.00,0.00,0.00,0.00,0.00,0.00,0.00,0.00,0.00,0.00,0.00,0.00,0.00,0.00,0.00,0.00,0.00,0.00,0.00,0.00,0.00,0.00,0.00
0.00,0.00,0.00,0.00,0.00,0.00,0.00,0.00,0.00,0.00,0.00,0.00,0.00,0.00,0.00,0.00,0.00,0.00,0.00,0.00,0.00,0.00,0.00
0.00,0.00,0.00,0.00,0.00,0.00,0.00,0.00,0.00,0.00,0.00,0.00,0.00,0.00,0.00,0.00,0.00,0.00,0.00,0.00,0.00,0.00,0.00
0.00,0.00,0.00,0.00,0.00,0.00,0.00,0.00,0.00,0.00,0.00,0.00,0.00,0.00,0.00,0.00,0.00,0.00,0.00,0.00,0.00,0.00,0.00
0.00,0.00,0.00,0.00,0.00,0.00,0.00,0.00,0.00,0.00,0.00,0.00,0.00,0.00,0.00,0.00,0.00,0.00,0.00,0.00,0.00,0.00,0.00
0.00,0.00,0.00,0.00,0.00,0.00,0.00,0.00,0.00,0.00,0.00,0.00,0.00,0.00,0.00,0.00,0.00,0.00,0.00,0.00,0.00,0.00,0.00
0.00,0.00,0.00,0.00,0.00,0.00,0.00,0.00,0.00,0.00,0.00,0.00,0.00,0.00,0.00,0.00,0.00,0.00,0.00,0.00,0.00,0.00,0.00
0.00,0.00,0.00,0.00,0.00,0.00,0.00,0.00,0.00,0.00,0.00,0.00,0.00,0.00,0.00,0.00,0.00,0.00,0.00,0.00,0.00,0.00,0.00
0.02,0.02,0.02,0.00,0.00,0.00,0.00,0.00,0.00,0.00,0.00,0.00,0.00,0.00,0.00,0.00,0.00,0.00,0.00,0.00,0.00,0.00,0.00
0.05,0.06,0.04,0.01,0.00,0.00,0.00,0.00,0.00,0.00,0.00,0.00,0.00,0.00,0.00,0.00,0.00,0.00,0.00,0.00,0.00,0.00,0.00
0.06,0.09,0.09,0.03,0.01,0.00,0.00,0.00,0.01,0.01,0.01,0.01,0.01,0.01,0.01,0.02,0.00,0.00,0.01,0.01,0.01,0.01,0.01
0.30,0.24,0.09,0.06,0.05,0.03,0.01,0.00,0.01,0.01,0.01,0.02,0.03,0.02,0.02,0.02,0.00,0.00,0.00,0.00,0.00,0.01,0.01
0.29,0.26,0.30,0.27,0.24,0.08,0.01,0.01,0.01,0.02,0.02,0.07,0.09,0.08,0.04,0.03,0.00,0.00,0.00,0.00,0.00,0.00,0.01
0.50,0.49,0.48,0.35,0.42,0.18,0.02,0.01,0.02,0.03,0.04,0.16,0.24,0.23,0.12,0.11,0.01,0.00,0.00,0.00,0.00,0.01,0.03
0.52,0.58,0.73,0.57,0.63,0.25,0.03,0.02,0.03,0.04,0.04,0.25,0.36,0.35,0.27,0.30,0.02,0.00,0.00,0.00,0.00,0.01,0.01
0.49,0.50,0.58,0.46,0.60,0.26,0.03,0.02,0.03,0.03,0.04,0.24,0.38,0.32,0.27,0.19,0.01,0.00,0.00,0.01,0.01,0.01,0.01
0.44,0.43,0.47,0.39,0.57,0.27,0.04,0.02,0.03,0.04,0.04,0.22,0.35,0.27,0.21,0.15,0.02,0.00,0.00,0.00,0.01,0.01,0.01
0.36,0.39,0.40,0.33,0.60,0.29,0.04,0.02,0.03,0.04,0.05,0.19,0.35,0.25,0.18,0.11,0.01,0.00,0.00,0.00,0.01,0.01,0.01
0.46,0.40,0.33,0.26,0.52,0.27,0.04,0.02,0.04,0.04,0.04,0.22,0.48,0.31,0.21,0.13,0.01,0.00,0.00,0.01,0.01,0.01,0.01
0.42,0.34,0.30,0.25,0.44,0.26,0.04,0.02,0.03,0.04,0.04,0.29,0.57,0.29,0.28,0.26,0.02,0.00,0.00,0.01,0.00,0.01,0.01
0.35,0.33,0.31,0.24,0.41,0.27,0.04,0.02,0.03,0.04,0.04,0.31,0.67,0.37,0.27,0.17,0.01,0.00,0.00,0.00,0.00,0.01,0.01
0.31,0.32,0.35,0.27,0.39,0.26,0.04,0.02,0.03,0.04,0.04,0.50,1.00,0.43,0.31,0.20,0.02,0.00,0.00,0.00,0.00,0.01,0.02
0.29,0.29,0.32,0.25,0.39,0.30,0.05,0.03,0.04,0.05,0.06,0.40,0.87,0.32,0.22,0.11,0.01,0.00,0.00,0.00,0.00,0.01,0.03
0.24,0.29,0.27,0.21,0.34,0.27,0.05,0.03,0.04,0.06,0.13,0.60,0.99,0.27,0.17,0.07,0.01,0.00,0.00,0.00,0.00,0.00,0.00
0.19,0.20,0.20,0.15,0.29,0.28,0.05,0.03,0.05,0.14,0.40,0.62,0.66,0.15,0.12,0.05,0.00,0.00,0.00,0.00,0.00,0.00,0.02
0.16,0.17,0.15,0.11,0.31,0.27,0.04,0.03,0.04,0.17,0.55,0.59,0.53,0.10,0.08,0.04,0.01,0.00,0.00,0.00,0.01,0.02,0.08
0.24,0.22,0.18,0.13,0.31,0.30,0.05,0.03,0.06,0.31,0.56,0.53,0.53,0.09,0.05,0.02,0.00,0.00,0.00,0.00,0.00,0.00,0.01
0.25,0.26,0.20,0.13,0.33,0.30,0.05,0.04,0.09,0.58,0.51,0.36,0.28,0.05,0.03,0.01,0.00,0.00,0.00,0.00,0.00,0.00,0.00
0.14,0.12,0.09,0.06,0.15,0.14,0.03,0.03,0.08,0.52,0.28,0.15,0.10,0.02,0.01,0.01,0.00,0.00,0.00,0.00,0.00,0.00,0.00
0.09,0.07,0.04,0.03,0.11,0.11,0.02,0.01,0.04,0.38,0.22,0.11,0.07,0.01,0.01,0.00,0.00,0.00,0.00,0.00,0.00,0.00,0.00
0.12,0.10,0.07,0.05,0.14,0.17,0.03,0.02,0.06,0.62,0.31,0.15,0.07,0.01,0.01,0.00,0.00,0.00,0.00,0.00,0.00,0.00,0.00
0.09,0.08,0.05,0.03,0.06,0.07,0.02,0.01,0.03,0.19,0.11,0.07,0.04,0.01,0.00,0.00,0.00,0.00,0.00,0.00,0.00,0.01,0.03
0.05,0.03,0.02,0.01,0.02,0.02,0.00,0.00,0.01,0.05,0.04,0.03,0.02,0.00,0.00,0.00,0.00,0.00,0.00,0.00,0.00,0.00,0.00
0.09,0.04,0.02,0.01,0.02,0.02,0.00,0.00,0.00,0.02,0.03,0.02,0.01,0.00,0.00,0.00,0.00,0.00,0.00,0.00,0.00,0.00,0.00
0.25,0.07,0.02,0.01,0.01,0.01,0.00,0.00,0.00,0.00,0.01,0.02,0.02,0.00,0.00,0.00,0.00,0.00,0.00,0.00,0.00,0.00,0.00
0.10,0.02,0.00,0.00,0.00,0.00,0.00,0.00,0.00,0.00,0.01,0.01,0.01,0.00,0.00,0.00,0.00,0.00,0.00,0.00,0.00,0.00,0.00
0.03,0.02,0.00,0.00,0.00,0.00,0.00,0.00,0.00,0.00,0.00,0.00,0.00,0.00,0.00,0.00,0.00,0.00,0.00,0.00,0.00,0.00,0.00
0.00,0.00,0.00,0.00,0.00,0.00,0.00,0.00,0.00,0.00,0.00,0.00,0.00,0.00,0.00,0.00,0.00,0.00,0.00,0.00,0.00,0.00,0.00
0.00,0.00,0.00,0.00,0.00,0.00,0.00,0.00,0.00,0.00,0.00,0.00,0.00,0.00,0.00,0.00,0.00,0.00,0.00,0.00,0.00,0.00,0.00
0.00,0.00,0.00,0.00,0.00,0.00,0.00,0.00,0.00,0.00,0.00,0.00,0.00,0.00,0.00,0.00,0.00,0.00,0.00,0.00,0.00,0.00,0.00
0.00,0.00,0.00,0.00,0.00,0.00,0.00,0.00,0.00,0.00,0.00,0.00,0.00,0.00,0.00,0.00,0.00,0.00,0.00,0.00,0.00,0.00,0.00
0.00,0.00,0.00,0.00,0.00,0.00,0.00,0.00,0.00,0.00,0.00,0.00,0.00,0.00,0.00,0.00,0.00,0.00,0.00,0.00,0.00,0.00,0.00
0.00,0.00,0.00,0.00,0.00,0.00,0.00,0.00,0.00,0.00,0.00,0.00,0.00,0.00,0.00,0.00,0.00,0.00,0.00,0.00,0.00,0.00,0.00
0.00,0.00,0.00,0.00,0.00,0.00,0.00,0.00,0.00,0.00,0.00,0.00,0.00,0.00,0.00,0.00,0.00,0.00,0.00,0.00,0.00,0.00,0.00
0.00,0.00,0.00,0.00,0.00,0.00,0.00,0.00,0.00,0.00,0.00,0.00,0.00,0.00,0.00,0.00,0.00,0.00,0.00,0.00,0.00,0.00,0.00
0.00,0.00,0.00,0.00,0.00,0.00,0.00,0.00,0.00,0.00,0.00,0.00,0.00,0.00,0.00,0.00,0.00,0.00,0.00,0.00,0.00,0.00,0.00
0.00,0.00,0.00,0.00,0.00,0.00,0.00,0.00,0.00,0.00,0.00,0.00,0.00,0.00,0.00,0.00,0.00,0.00,0.00,0.00,0.00,0.00,0.00
00f0,e,r
0.00,0.00,0.00,0.00,0.00,0.00,0.00,0.00,0.00,0.00,0.00,0.00,0.00,0.00,0.00,0.00,0.00,0.00,0.00,0.00,0.00,0.00,0.00
0.00,0.00,0.00,0.00,0.00,0.00,0.00,0.00,0.00,0.00,0.00,0.00,0.00,0.00,0.00,0.00,0.00,0.00,0.00,0.00,0.00,0.00,0.00
0.00,0.00,0.00,0.00,0.00,0.00,0.00,0.00,0.00,0.00,0.00,0.00,0.00,0.00,0.00,0.00,0.00,0.00,0.00,0.00,0.00,0.00,0.00
0.00,0.00,0.00,0.00,0.00,0.00,0.00,0.00,0.00,0.00,0.00,0.00,0.00,0.00,0.00,0.00,0.00,0.00,0.00,0.00,0.00,0.00,0.00
0.00,0.00,0.00,0.00,0.00,0.00,0.00,0.00,0.00,0.00,0.00,0.00,0.00,0.00,0.00,0.00,0.00,0.00,0.00,0.00,0.00,0.00,0.00
0.00,0.00,0.00,0.00,0.00,0.00,0.00,0.00,0.00,0.00,0.00,0.00,0.00,0.00,0.00,0.00,0.00,0.00,0.00,0.00,0.00,0.00,0.00
0.02,0.03,0.03,0.01,0.01,0.00,0.00,0.00,0.00,0.00,0.00,0.00,0.00,0.00,0.00,0.00,0.00,0.00,0.00,0.00,0.00,0.00,0.01
0.20,0.20,0.15,0.09,0.06,0.02,0.00,0.00,0.01,0.01,0.01,0.02,0.02,0.01,0.01,0.02,0.00,0.00,0.00,0.00,0.00,0.00,0.00
0.37,0.36,0.37,0.29,0.24,0.07,0.01,0.01,0.01,0.02,0.03,0.08,0.11,0.09,0.05,0.04,0.00,0.00,0.00,0.01,0.01,0.01,0.01
0.39,0.44,0.52,0.53,0.43,0.12,0.02,0.01,0.02,0.03,0.06,0.16,0.20,0.18,0.09,0.06,0.00,0.00,0.00,0.01,0.01,0.01,0.01
0.47,0.48,0.59,0.66,0.56,0.16,0.02,0.01,0.02,0.04,0.09,0.22,0.24,0.24,0.14,0.14,0.01,0.00,0.00,0.00,0.01,0.01,0.01
0.65,0.63,0.74,0.84,0.76,0.24,0.03,0.02,0.03,0.05,0.15,0.30,0.33,0.39,0.23,0.33,0.03,0.01,0.00,0.01,0.01,0.01,0.02
1.00,1.00,0.93,1.00,1.00,0.34,0.04,0.03,0.05,0.09,0.19,0.41,0.62,0.83,0.54,0.98,0.07,0.01,0.00,0.01,0.01,0.01,0.02
0.83,0.86,0.83,0.62,0.70,0.29,0.04,0.03,0.06,0.12,0.18,0.40,0.54,0.57,0.41,1.00,0.07,0.01,0.00,0.01,0.01,0.01,0.01
0.66,0.70,0.74,0.54,0.63,0.26,0.03,0.02,0.04,0.06,0.09,0.23,0.26,0.30,0.22,0.44,0.03,0.01,0.00,0.01,0.02,0.02,0.02
0.40,0.46,0.54,0.54,0.62,0.22,0.03,0.01,0.02,0.03,0.07,0.17,0.17,0.24,0.16,0.22,0.02,0.00,0.00,0.01,0.01,0.01,0.01
0.38,0.54,1.00,0.83,0.87,0.35,0.04,0.02,0.02,0.03,0.11,0.20,0.16,0.19,0.12,0.07,0.01,0.00,0.00,0.00,0.01,0.02,0.02
0.36,0.49,0.68,0.44,0.48,0.24,0.03,0.01,0.02,0.02,0.03,0.04,0.04,0.04,0.03,0.04,0.01,0.00,0.00,0.00,0.01,0.01,0.03
0.15,0.17,0.17,0.09,0.12,0.06,0.01,0.00,0.00,0.01,0.01,0.01,0.01,0.01,0.01,0.01,0.00,0.00,0.00,0.00,0.00,0.00,0.00
0.08,0.09,0.08,0.04,0.06,0.03,0.00,0.00,0.00,0.00,0.01,0.01,0.00,0.01,0.00,0.00,0.00,0.00,0.00,0.00,0.00,0.00,0.00
0.11,0.11,0.08,0.05,0.05,0.02,0.00,0.00,0.00,0.00,0.01,0.01,0.00,0.00,0.00,0.00,0.00,0.00,0.00,0.00,0.00,0.00,0.00
0.04,0.03,0.02,0.01,0.01,0.01,0.00,0.00,0.00,0.00,0.00,0.00,0.00,0.00,0.00,0.00,0.00,0.00,0.00,0.00,0.00,0.00,0.01
0.01,0.01,0.00,0.00,0.00,0.00,0.00,0.00,0.00,0.00,0.00,0.00,0.00,0.00,0.00,0.00,0.00,0.00,0.00,0.00,0.00,0.00,0.00
0.00,0.00,0.00,0.00,0.00,0.00,0.00,0.00,0.00,0.00,0.00,0.00,0.00,0.00,0.00,0.00,0.00,0.00,0.00,0.01,0.01,0.00,0.01
0.00,0.00,0.00,0.00,0.00,0.00,0.00,0.00,0.00,0.00,0.00,0.00,0.00,0.00,0.00,0.01,0.01,0.02,0.05,0.05,0.04,0.04,0.04
0.00,0.00,0.00,0.00,0.00,0.00,0.00,0.00,0.00,0.00,0.00,0.00,0.00,0.00,0.01,0.04,0.05,0.13,0.19,0.15,0.14,0.13,0.13
0.00,0.00,0.00,0.00,0.00,0.00,0.00,0.00,0.00,0.00,0.00,0.00,0.00,0.00,0.02,0.05,0.10,0.44,0.48,0.35,0.35,0.37,0.37
0.00,0.00,0.00,0.00,0.00,0.00,0.00,0.00,0.00,0.00,0.00,0.00,0.00,0.00,0.02,0.08,0.19,0.65,0.64,0.57,0.64,0.68,0.68
0.00,0.00,0.00,0.00,0.00,0.00,0.00,0.00,0.00,0.00,0.00,0.00,0.00,0.00,0.02,0.08,0.22,0.78,0.95,1.00,1.00,0.94,0.99
0.00,0.00,0.00,0.00,0.00,0.00,0.00,0.00,0.00,0.00,0.00,0.00,0.00,0.00,0.01,0.06,0.23,0.81,0.75,0.76,0.91,1.00,1.00
0.00,0.00,0.00,0.00,0.00,0.00,0.00,0.00,0.00,0.00,0.00,0.00,0.00,0.00,0.02,0.08,0.29,1.00,1.00,0.77,0.69,0.62,0.65
0.00,0.00,0.00,0.00,0.00,0.00,0.00,0.00,0.00,0.00,0.00,0.00,0.00,0.00,0.02,0.10,0.43,0.96,0.89,0.76,0.79,0.74,0.78
0.00,0.00,0.00,0.00,0.00,0.00,0.00,0.00,0.00,0.00,0.00,0.00,0.00,0.00,0.02,0.11,0.25,0.56,0.78,0.72,0.70,0.67,0.69
0.00,0.00,0.00,0.00,0.00,0.00,0.00,0.00,0.00,0.00,0.00,0.00,0.00,0.00,0.02,0.13,0.40,0.54,0.39,0.43,0.49,0.47,0.49
0.00,0.00,0.00,0.00,0.00,0.00,0.00,0.00,0.00,0.00,0.00,0.00,0.00,0.00,0.03,0.15,0.65,0.70,0.38,0.39,0.44,0.41,0.43
0.00,0.00,0.00,0.00,0.00,0.00,0.00,0.00,0.00,0.00,0.00,0.00,0.00,0.00,0.04,0.21,1.00,0.89,0.39,0.34,0.31,0.28,0.30
0.00,0.00,0.00,0.00,0.00,0.00,0.00,0.00,0.00,0.00,0.00,0.00,0.00,0.00,0.03,0.16,0.39,0.33,0.17,0.14,0.14,0.14,0.14
0.00,0.00,0.00,0.00,0.00,0.00,0.00,0.00,0.00,0.00,0.00,0.00,0.00,0.00,0.03,0.17,0.21,0.13,0.07,0.06,0.06,0.06,0.07
0.00,0.00,0.00,0.00,0.00,0.00,0.00,0.00,0.00,0.00,0.00,0.00,0.00,0.00,0.01,0.06,0.09,0.06,0.03,0.03,0.02,0.02,0.02
0.00,0.00,0.00,0.00,0.00,0.00,0.00,0.00,0.00,0.00,0.00,0.00,0.00,0.00,0.00,0.01,0.01,0.01,0.00,0.00,0.00,0.00,0.00
0.00,0.00,0.00,0.00,0.00,0.00,0.00,0.00,0.00,0.00,0.00,0.00,0.00,0.00,0.00,0.00,0.00,0.00,0.00,0.00,0.00,0.00,0.00
0.00,0.00,0.00,0.00,0.00,0.00,0.00,0.00,0.00,0.00,0.00,0.00,0.00,0.00,0.00,0.00,0.00,0.00,0.00,0.00,0.00,0.00,0.00
0.00,0.00,0.00,0.00,0.00,0.00,0.00,0.00,0.00,0.00,0.00,0.00,0.00,0.00,0.00,0.00,0.00,0.00,0.00,0.00,0.00,0.00,0.00
0.00,0.00,0.00,0.00,0.00,0.00,0.00,0.00,0.00,0.00,0.00,0.00,0.00,0.00,0.00,0.00,0.00,0.00,0.00,0.00,0.00,0.00,0.00
0.00,0.00,0.00,0.00,0.00,0.00,0.00,0.00,0.00,0.00,0.00,0.00,0.00,0.00,0.00,0.00,0.00,0.00,0.00,0.00,0.00,0.00,0.00
0.00,0.00,0.00,0.00,0.00,0.00,0.00,0.00,0.00,0.00,0.00,0.00,0.00,0.00,0.00,0.00,0.00,0.00,0.00,0.00,0.00,0.00,0.00
0.00,0.00,0.00,0.00,0.00,0.00,0.00,0.00,0.00,0.00,0.00,0.00,0.00,0.00,0.00,0.00,0.00,0.00,0.00,0.00,0.00,0.00,0.00
00f0,026a,s
